web_url,created_at
http://145.108.225.21/gitlab/robincamdsphd_hello-word,2017-12-03T11:17:19.487Z
