commit_hash,branch_name
21b00d9bc910ed96bf905de966772152826ce6d8,master
