commit_hash,branch_name
66da3ad7ad6b0c9b2214829d6d6fa7a5cfbf72d4,master
