commit_hash,tag_name,tag_message
be1bafe89e9b0648702bf1426f5335437f47fc2b,v1.1,Tagging release 1.1.
983ea85ec1ce3075aad1a310aa9ae01b3efbd20b,release-1.0,
