web_url,created_at
http://145.108.225.21/gitlab/nkahoang_screenstandby,2017-12-02T19:04:11.568Z
