commit_hash,branch_name
c115e7f5708193e24d81d360bad15026162e2db8,master
