web_url,created_at
http://145.108.225.21/gitlab/thefakemontyontherun_minha-parte-na-conta,2017-12-03T10:12:58.457Z
