commit_hash,branch_name
7f1d19cf715b7b95828f72886500c14a4468012f,AlessandroBranch
ae9389ea235dc9630edd104ab899cf902a440608,gh-pages
2f2f39fad110949788ff35c159ebe708b4377e41,master
ecc2627f48785b422624de82525fe30b2767ef7e,stef
7db13eaca06718e2ba2459c2a87792b5e982a000,umberto
