commit_hash,branch_name
01e5ccea045c9e78833eec94c25164ff3855f971,1.3
ea4c882846918206ed1a6f46007b3f143cb7cc96,develop
3c19d0a57a10a3ebe22f5c57263dbaa0311a1d5f,master
