commit_hash,branch_name
901d988d2570572c63bd845d8dca96f2767174d9,master
281761a223a9e4c03985b890637f047b17826718,release
