web_url,created_at
http://145.108.225.21/gitlab/zhaoyukai_heartrate,2017-12-02T20:25:22.021Z
