commit_hash,branch_name
da2b9d795d807a3861b8284a8b0aac3798e4e248,master
