commit_hash,branch_name
97045c4706ac680ab6004be34e80a926947453e2,gh-pages
bcd621a4020ea479a9ea8883ee75338c7c07ac6d,master
129806a2b2594464165ec189031d0619ac418b44,v2
